#id,ALFA(gaia),DELTA(gaia),V,ERROR,B-V,ERROR,U-B,ERROR,V-I,ERROR
1,254.952557879,-40.1986262154,9.748,0.001,1.819,0.001,1.853,0.002,3.411,0.001
2,254.953525028,-40.2332632522,11.975,0.001,1.625,0.001,1.848,0.004,1.767,0.001
3,254.883833431,-40.19786953,12.478,0.001,0.404,0.001,0.197,0.002,0.5,0.001
4,254.944293185,-40.2100912217,12.614,0.001,0.442,0.001,0.256,0.002,0.548,0.001
5,254.910657476,-40.1900207764,13.284,0.001,1.599,0.001,0.26,0.004,2.46,0.001
6,254.858441824,-40.2074572827,14.058,0.001,0.81,0.002,0.237,0.004,1.005,0.002
7,254.860485701,-40.1860804653,14.292,0.001,1.59,0.002,1.805,0.02,1.681,0.002
8,254.960164924,-40.2242047172,14.606,0.002,0.898,0.002,0.329,0.006,1.162,0.002
9,254.880258525,-40.2440800426,14.638,0.001,0.881,0.002,0.35,0.006,1.066,0.002
10,254.943296437,-40.2263939171,14.649,0.001,0.947,0.002,0.406,0.006,1.125,0.002
11,254.868397947,-40.2107117769,14.69,0.001,0.784,0.002,0.273,0.006,0.992,0.002
12,254.95735251,-40.1736663401,14.694,0.001,0.784,0.002,0.324,0.006,1.048,0.002
13,254.891087999,-40.2192958776,14.826,0.001,1.343,0.003,1.19,0.017,1.489,0.002
14,254.960074206,-40.1737889044,15.043,0.001,0.929,0.002,0.348,0.008,1.181,0.002
16,254.873397729,-40.2141041776,15.266,0.002,0.917,0.003,0.4,0.01,1.181,0.002
17,254.88587704,-40.176732991,15.355,0.002,0.941,0.003,0.356,0.011,1.083,0.002
18,254.901808461,-40.208607978,15.399,0.002,1.005,0.003,0.472,0.012,1.189,0.002
19,254.956439117,-40.2357764868,15.427,0.002,0.957,0.003,0.355,0.011,1.211,0.002
20,254.894003054,-40.1835103865,15.577,0.002,0.879,0.003,0.295,0.011,1.121,0.002
21,254.902516023,-40.2138328634,15.582,0.002,0.941,0.003,0.357,0.012,1.134,0.002
22,254.93014477,-40.1688952652,15.776,0.002,1.331,0.005,1.052,0.033,1.572,0.002
23,254.930125946,-40.192205203,15.906,0.002,1.032,0.005,0.455,0.027,1.223,0.003
24,254.889179549,-40.2272413707,15.924,0.002,0.866,0.004,0.274,0.014,1.111,0.003
25,254.906047781,-40.1913123963,15.95,0.002,1.535,0.006,0.401,0.028,2.396,0.002
26,254.872099285,-40.1851722407,16.053,0.002,1.15,0.005,0.684,0.028,1.348,0.003
27,254.939093858,-40.2356316416,16.073,0.002,1.102,0.005,INDEF,INDEF,1.256,0.003
28,254.929760926,-40.1931076492,16.144,0.003,1.01,0.007,0.436,0.031,1.213,0.004
29,254.927937047,-40.2231901301,16.162,0.002,1.65,0.008,1.439,0.078,2.079,0.002
30,254.942769683,-40.1768549327,16.203,0.003,1.021,0.006,0.428,0.023,1.263,0.003
31,254.914058692,-40.2321284474,16.313,0.003,1.624,0.009,INDEF,INDEF,1.858,0.003
32,254.883965482,-40.1696987936,16.33,0.003,1.004,0.006,0.334,0.024,1.203,0.003
33,254.906393233,-40.1835657701,16.443,0.003,1.144,0.007,0.626,0.035,1.352,0.003
34,254.86138894,-40.2122742548,16.57,0.003,1.17,0.007,0.638,0.044,1.647,0.003
35,254.934382597,-40.182291073,16.796,0.004,1.095,0.01,INDEF,INDEF,1.321,0.004
36,254.870631784,-40.2152409543,16.837,0.004,1.054,0.008,0.437,0.041,1.412,0.004
37,254.876576495,-40.2296107469,16.976,0.004,1.167,0.011,INDEF,INDEF,1.334,0.004
38,254.895980654,-40.2144617129,17.137,0.004,1.148,0.012,INDEF,INDEF,1.33,0.005
39,254.964953321,-40.2360606404,17.142,0.004,1.311,0.014,INDEF,INDEF,1.496,0.005
40,254.952974148,-40.2028227032,17.162,0.006,1.267,0.016,INDEF,INDEF,INDEF,0
41,254.906336482,-40.1787877883,17.163,0.004,1.198,0.012,INDEF,INDEF,1.377,0.005
42,254.925046492,-40.2352667873,17.185,0.004,1.218,0.013,INDEF,INDEF,1.427,0.005
43,254.90284269,-40.248828707,17.212,0.004,1.126,0.013,INDEF,INDEF,1.362,0.005
44,254.921027571,-40.20174654,17.235,0.004,1.2,0.014,INDEF,INDEF,1.464,0.005
45,254.891492695,-40.2234017855,17.243,0.005,1.235,0.046,INDEF,INDEF,1.391,0.005
46,254.959412657,-40.1963014488,17.332,0.005,1.26,0.016,INDEF,INDEF,1.805,0.008
47,254.935636156,-40.2231541314,17.372,0.005,1.875,0.029,INDEF,INDEF,2.896,0.005
48,254.904100525,-40.2299694653,17.475,0.005,1.215,0.017,INDEF,INDEF,1.449,0.006
49,254.876554155,-40.221956609,17.507,0.005,1.298,0.019,INDEF,INDEF,1.469,0.006
50,254.867098498,-40.2408737519,17.561,0.006,1.076,0.016,INDEF,INDEF,1.335,0.007
51,254.90419064,-40.1987244057,17.581,0.006,1.158,0.019,INDEF,INDEF,1.377,0.007
52,254.900985154,-40.1948680155,17.648,0.006,1.055,0.018,INDEF,INDEF,1.376,0.007
53,254.936183285,-40.2066650437,17.713,0.006,1.404,0.025,INDEF,INDEF,1.761,0.007
54,254.879214802,-40.2173156023,17.758,0.007,1.345,0.023,INDEF,INDEF,1.476,0.008
55,254.915052524,-40.2447391374,17.887,0.007,1.256,0.027,INDEF,INDEF,1.465,0.008
56,254.880326885,-40.2233858776,17.931,0.008,1.286,0.028,INDEF,INDEF,1.537,0.009
57,254.872378157,-40.201188119,17.969,0.008,1.552,0.035,INDEF,INDEF,1.792,0.009
58,254.882898313,-40.2198736615,18.141,0.01,1.393,0.036,INDEF,INDEF,1.639,0.01
59,254.905898541,-40.2474233222,18.19,0.01,1.433,0.039,INDEF,INDEF,1.787,0.01
60,254.913527916,-40.2219018155,18.296,0.011,1.15,0.034,INDEF,INDEF,1.592,0.011
61,254.908280742,-40.2277669251,18.348,0.011,1.326,0.041,INDEF,INDEF,1.722,0.012
62,254.891075148,-40.2396201581,18.458,0.014,1.351,0.048,INDEF,INDEF,1.813,0.014
63,254.858441824,-40.2074572827,14.059,0.001,0.818,0.002,0.227,0.004,1.006,0.002
64,254.897082091,-40.1925129213,15.543,0.002,1.529,0.007,0.09,0.018,2.417,0.003
65,254.888821529,-40.2345344874,15.774,0.005,1.631,0.009,INDEF,INDEF,2.029,0.007
66,254.89721926,-40.1915278267,15.917,0.002,1.221,0.007,INDEF,INDEF,1.31,0.013
67,254.941324617,-40.2482029198,16.428,0.003,1.021,0.006,0.383,0.028,1.27,0.003
68,254.867090783,-40.1733418497,16.716,0.003,0.988,0.008,0.257,0.031,1.193,0.004
69,254.91173442,-40.188674879,17.033,0.004,1.861,0.023,INDEF,INDEF,2.906,0.005
70,254.964816047,-40.1782736044,17.954,0.008,1.374,0.029,INDEF,INDEF,1.548,0.009
