#id,ALFA(gaia),DELTA(gaia),V,ERROR,B-V,ERROR,U-B,ERROR,V-I,ERROR
1,239.893487437,-53.7255898644,10.267,0.001,0.685,0.001,0.154,0.001,0.914,0.001
2,239.938142519,-53.7711595151,12.283,0.001,0.675,0.001,0.149,0.002,0.942,0.001
3,239.911482995,-53.7455738486,12.364,0.001,0.48,0.001,-0.404,0.002,0.771,0.001
4,239.879850908,-53.7423668703,12.53,0.001,0.47,0.001,0.031,0.002,0.742,0.001
5,239.922198128,-53.797637956,12.565,0.001,1.047,0.001,0.52,0.002,1.538,0.001
6,239.931477654,-53.772631994,13.142,0.001,1.651,0.001,0.579,0.004,2.252,0.001
7,239.910148727,-53.7541471751,13.249,0.001,1.702,0.002,0.547,0.005,2.433,0.002
8,239.902293981,-53.763920814,13.67,0.001,1.972,0.002,0.898,0.008,2.683,0.002
9,239.908114057,-53.7671985224,13.902,0.001,0.8,0.002,0.52,0.003,1.14,0.002
10,239.890272417,-53.7491361072,14.03,0.001,0.671,0.002,0.058,0.003,0.906,0.002
11,239.864873453,-53.7900539121,14.194,0.001,1.726,0.002,1.689,0.012,2.021,0.001
12,239.961314591,-53.7266579174,14.229,0.001,0.936,0.002,0.656,0.004,1.348,0.002
13,239.95103474,-53.7608997308,14.317,0.001,1.636,0.002,INDEF,INDEF,1.976,0.001
14,239.91809429,-53.7214971753,14.327,0.001,2.321,0.004,INDEF,INDEF,INDEF,INDEF
15,239.944486356,-53.8019247676,14.471,0.001,0.939,0.002,0.591,0.005,1.187,0.002
16,239.872229203,-53.7970905196,14.49,0.001,0.804,0.002,0.35,0.004,1.028,0.002
17,239.955414882,-53.7385957299,14.635,0.001,0.905,0.002,0.537,0.005,1.273,0.002
18,239.912976686,-53.7378444256,14.646,0.001,1.623,0.003,1.454,0.014,1.918,0.001
19,239.936933988,-53.7620817657,14.69,0.002,0.697,0.002,0.429,0.005,1.054,0.002
20,239.838729056,-53.7289520478,14.753,0.002,0.953,0.003,0.386,0.006,1.281,0.003
21,239.93924114,-53.7436429715,14.883,0.001,1.521,0.003,1.16,0.013,1.9,0.002
22,239.916254718,-53.7534289925,14.884,0.002,1.857,0.004,1.586,0.026,2.222,0.002
23,239.895385597,-53.7637063292,14.917,0.001,0.884,0.002,0.345,0.005,1.251,0.002
24,239.924701021,-53.761064098,14.928,0.001,0.709,0.002,0.333,0.005,1.037,0.002
25,239.878998486,-53.7466755666,14.94,0.001,1.154,0.002,0.559,0.008,1.528,0.002
26,239.868294541,-53.7618568887,15.048,0.001,0.998,0.002,0.695,0.007,1.364,0.002
27,239.868198355,-53.7565252294,15.102,0.002,0.927,0.003,0.383,0.006,1.221,0.002
28,239.86594957,-53.7303287199,15.142,0.001,1.13,0.003,0.57,0.009,1.542,0.002
29,239.912826116,-53.7625008263,15.159,0.002,1.016,0.003,0.54,0.01,1.424,0.003
30,239.880907803,-53.7679452218,15.222,0.001,0.831,0.002,0.533,0.007,1.189,0.002
31,239.8949917,-53.8008597601,15.278,0.001,0.786,0.002,0.166,0.006,1.093,0.002
32,239.857112532,-53.7848335028,15.364,0.001,1.193,0.003,0.751,0.012,1.586,0.002
33,239.860406543,-53.7242849002,15.384,0.001,0.911,0.004,0.532,0.009,1.272,0.002
34,239.860908383,-53.7518351028,15.441,0.002,0.934,0.003,0.634,0.01,1.261,0.002
35,239.853372511,-53.7572379689,15.53,0.003,1.105,0.004,0.744,0.012,1.478,0.003
36,239.833023849,-53.8026492539,15.533,0.002,1.162,0.004,0.816,0.016,1.67,0.002
37,239.925706738,-53.7437912937,15.57,0.002,1.194,0.003,0.589,0.012,1.584,0.002
38,239.887063694,-53.7817989965,15.578,0.002,0.818,0.004,0.566,0.01,1.232,0.002
39,239.874184124,-53.7702121363,15.583,0.002,1.918,0.006,INDEF,INDEF,2.257,0.002
40,239.911442379,-53.7847328281,15.635,0.002,1.888,0.006,INDEF,INDEF,2.219,0.002
41,239.904091498,-53.7355101273,15.678,0.002,1.195,0.004,0.662,0.015,1.619,0.002
42,239.908732828,-53.7494226633,15.7,0.002,1.726,0.006,0.776,0.026,2.37,0.002
43,239.842985527,-53.7805945753,15.708,0.002,1.987,0.007,INDEF,INDEF,2.29,0.002
44,239.852411453,-53.7905325257,15.722,0.002,1.356,0.005,0.787,0.018,1.765,0.002
45,239.884069814,-53.7979814428,15.728,0.002,0.942,0.004,0.647,0.012,1.264,0.002
46,239.928134356,-53.7978623635,15.739,0.002,1.027,0.003,0.666,0.012,1.515,0.002
47,239.864798231,-53.7240516833,15.753,0.002,1.8,0.006,0.877,0.03,2.354,0.002
48,239.880300395,-53.7377107861,15.763,0.002,1.74,0.006,0.922,0.028,2.327,0.002
49,239.903713195,-53.7632256355,15.786,0.003,1.159,0.005,0.725,0.021,1.488,0.014
50,239.907328848,-53.7575629449,15.851,0.003,1.16,0.005,0.648,0.016,1.916,0.005
51,239.930259333,-53.7873060142,15.86,0.004,1.313,0.006,0.641,0.019,1.787,0.006
52,239.844318655,-53.7435388835,15.93,0.002,1.299,0.005,0.708,0.02,1.674,0.002
53,239.877303576,-53.7723046301,15.939,0.002,1.318,0.005,0.741,0.021,1.699,0.002
54,239.932126661,-53.7857668928,15.96,0.004,2.042,0.011,INDEF,INDEF,2.518,0.004
55,239.880656895,-53.7902689922,15.972,0.002,0.945,0.004,0.685,0.016,1.313,0.002
56,239.946079644,-53.7547786056,16.007,0.002,1.073,0.004,0.636,0.017,1.496,0.002
57,239.911728918,-53.7634535725,16.093,0.003,1.085,0.005,INDEF,INDEF,1.404,0.006
58,239.941057886,-53.7427121161,16.143,0.003,1.788,0.008,INDEF,INDEF,2.06,0.003
59,239.855900548,-53.7948637921,16.161,0.002,0.901,0.004,0.654,0.016,1.275,0.002
60,239.954864511,-53.7870959392,16.199,0.003,1.174,0.005,0.598,0.021,1.616,0.003
61,239.870351782,-53.7649637984,16.223,0.002,1.072,0.005,INDEF,INDEF,1.439,0.002
62,239.884213866,-53.8011390128,16.256,0.003,1.026,0.007,0.766,0.024,1.426,0.004
63,239.950434538,-53.8007152059,16.311,0.003,1.315,0.007,0.655,0.027,1.796,0.003
64,239.889485638,-53.7731407417,16.32,0.003,1.969,0.01,INDEF,INDEF,2.741,0.004
65,239.841881993,-53.7632876544,16.338,0.003,1.093,0.006,0.819,0.025,1.47,0.003
66,239.907138735,-53.7914945945,16.341,0.003,1.383,0.007,0.855,0.034,1.809,0.003
67,239.904004322,-53.7546941186,16.365,0.006,1.543,0.01,INDEF,INDEF,1.681,0.011
68,239.920624447,-53.7505112417,16.369,0.003,1.102,0.006,0.649,0.024,1.538,0.003
69,239.902041287,-53.7740148033,16.387,0.003,0.947,0.005,0.747,0.022,1.328,0.003
70,239.861433552,-53.7212147258,16.397,0.004,1.303,0.008,INDEF,INDEF,1.675,0.004
71,239.919363063,-53.7876921673,16.403,0.003,2.164,0.013,INDEF,INDEF,2.593,0.003
72,239.962617668,-53.7726825629,16.415,0.003,1.244,0.007,0.681,0.028,1.688,0.003
73,239.861630694,-53.7667589783,16.45,0.003,1.695,0.009,INDEF,INDEF,2.271,0.003
74,239.902283944,-53.798812617,16.51,0.003,1.349,0.008,INDEF,INDEF,1.795,0.003
75,239.889837805,-53.7705894031,16.514,0.003,1.352,0.008,INDEF,INDEF,1.83,0.003
76,239.932895031,-53.7966244102,16.525,0.003,1.455,0.008,INDEF,INDEF,1.87,0.003
77,239.871367273,-53.7400019847,16.535,0.003,1.413,0.008,INDEF,INDEF,1.841,0.003
78,239.964496002,-53.7597439402,16.548,0.003,2.269,0.016,INDEF,INDEF,2.678,0.003
79,239.935531382,-53.7956446408,16.621,0.003,1.588,0.009,INDEF,INDEF,2.111,0.003
80,239.947740854,-53.7458777282,16.634,0.003,1.379,0.008,INDEF,INDEF,1.795,0.003
81,239.84456846,-53.7850757897,16.639,0.003,1.035,0.007,INDEF,INDEF,1.402,0.003
82,239.941553125,-53.7745154422,16.653,0.003,1.286,0.008,INDEF,INDEF,1.75,0.003
83,239.928343352,-53.7470272798,16.664,0.003,1.227,0.008,0.663,0.032,1.637,0.003
84,239.874061784,-53.7724929489,16.692,0.003,1.325,0.009,INDEF,INDEF,1.617,0.004
85,239.937670664,-53.7988143018,16.725,0.003,1.136,0.008,0.72,0.034,1.556,0.003
86,239.90281037,-53.7846719138,16.73,0.003,1.726,0.012,INDEF,INDEF,2.394,0.003
87,239.93825046,-53.740914426,16.745,0.003,1.153,0.008,0.504,0.029,1.593,0.004
88,239.963586011,-53.7809156924,16.749,0.004,1.375,0.011,INDEF,INDEF,1.851,0.005
89,239.887588795,-53.7728738859,16.776,0.003,1.247,0.009,0.568,0.036,1.67,0.004
90,239.90467612,-53.7450517936,16.78,0.004,1.263,0.009,INDEF,INDEF,1.729,0.005
91,239.934868314,-53.8037046227,16.78,0.004,1.09,0.009,INDEF,INDEF,1.539,0.004
92,239.839492163,-53.7503083923,16.786,0.003,1.128,0.008,INDEF,INDEF,1.555,0.004
93,239.968475091,-53.7990944324,16.792,0.004,1.42,0.01,INDEF,INDEF,1.895,0.004
94,239.953041776,-53.7277332058,16.843,0.006,1.204,0.01,INDEF,INDEF,1.371,0.006
95,239.880733348,-53.7546528389,16.858,0.004,2.08,0.018,INDEF,INDEF,2.669,0.004
96,239.873842074,-53.8021979752,16.892,0.004,1.83,0.016,INDEF,INDEF,2.213,0.004
97,239.896195017,-53.760637417,16.898,0.004,1.123,0.009,INDEF,INDEF,1.564,0.004
98,239.834741476,-53.7567674343,16.903,0.004,1.399,0.01,INDEF,INDEF,1.848,0.004
99,239.921416922,-53.7450871994,16.905,0.005,1.38,0.011,INDEF,INDEF,1.907,0.007
100,239.967715409,-53.7682472216,16.908,0.004,1.415,0.011,INDEF,INDEF,1.887,0.004
101,239.856640969,-53.7970566621,16.912,0.004,1.146,0.009,INDEF,INDEF,1.519,0.004
102,239.905448345,-53.7845105567,16.933,0.004,1.249,0.009,INDEF,INDEF,1.64,0.004
103,239.966501904,-53.7431033315,16.935,0.004,1.3,0.01,INDEF,INDEF,1.702,0.004
104,239.903829666,-53.7305057442,16.936,0.004,1.319,0.011,INDEF,INDEF,1.743,0.004
105,239.83584106,-53.7806191004,16.938,0.004,1.28,0.01,INDEF,INDEF,1.679,0.004
106,239.928678751,-53.736076159,16.941,0.004,1.303,0.01,INDEF,INDEF,1.777,0.004
107,239.906699103,-53.77898474,16.941,0.004,1.267,0.01,INDEF,INDEF,1.701,0.004
108,239.963872076,-53.7544252809,16.959,0.004,1.327,0.011,INDEF,INDEF,1.838,0.004
109,239.925025616,-53.72675546,16.959,0.006,1.369,0.012,INDEF,INDEF,1.445,0.006
110,239.904451061,-53.7410459523,16.973,0.004,1.61,0.014,INDEF,INDEF,2.133,0.004
111,239.845586507,-53.7760188128,16.993,0.004,1.169,0.009,INDEF,INDEF,1.564,0.004
112,239.950888636,-53.7380679712,17.007,0.004,1.198,0.01,0.407,0.037,1.61,0.004
113,239.909387405,-53.7578271732,17.013,0.009,1.549,0.017,INDEF,INDEF,1.322,0.013
114,239.845029629,-53.7493551712,17.027,0.004,1.463,0.012,INDEF,INDEF,1.902,0.005
115,239.874778379,-53.7432268515,17.048,0.004,1.881,0.018,INDEF,INDEF,2.277,0.004
116,239.960524217,-53.7724963913,17.05,0.004,1.802,0.017,INDEF,INDEF,2.495,0.005
117,239.83915125,-53.7741278844,17.065,0.004,1.309,0.011,INDEF,INDEF,1.705,0.004
118,239.933870779,-53.7319047009,17.073,0.004,1.223,0.011,INDEF,INDEF,1.68,0.004
119,239.844880266,-53.7223329289,17.085,0.004,1.494,0.012,INDEF,INDEF,1.834,0.005
120,239.911043424,-53.7925979524,17.096,0.004,1.966,0.02,INDEF,INDEF,2.348,0.004
121,239.948956921,-53.7286415878,17.096,0.004,1.235,0.011,INDEF,INDEF,1.633,0.004
122,239.856393544,-53.7902381983,17.103,0.004,1.239,0.012,INDEF,INDEF,1.6,0.005
123,239.923331512,-53.7797828848,17.11,0.005,1.318,0.012,INDEF,INDEF,1.705,0.005
124,239.843832878,-53.7871412384,17.12,0.004,1.233,0.011,INDEF,INDEF,1.599,0.005
125,239.957560703,-53.7593822149,17.123,0.004,1.504,0.014,INDEF,INDEF,1.922,0.005
126,239.83627318,-53.7411076893,17.139,0.004,1.253,0.012,INDEF,INDEF,1.656,0.005
127,239.921677977,-53.7302150095,17.162,0.004,1.301,0.012,INDEF,INDEF,1.799,0.005
128,239.950659097,-53.7453027512,17.166,0.004,1.388,0.013,INDEF,INDEF,1.65,0.005
129,239.839408425,-53.768412043,17.179,0.004,1.234,0.012,INDEF,INDEF,1.639,0.005
130,239.909394922,-53.7602796235,17.181,0.009,2.039,0.024,INDEF,INDEF,2.909,0.009
131,239.949182864,-53.7270689605,17.19,0.004,1.523,0.015,INDEF,INDEF,1.969,0.005
132,239.952063875,-53.7262756065,17.229,0.004,1.215,0.014,INDEF,INDEF,1.636,0.005
133,239.84963075,-53.7271684152,17.23,0.004,1.168,0.012,INDEF,INDEF,1.579,0.005
134,239.86874225,-53.7474703094,17.238,0.005,2.005,0.023,INDEF,INDEF,2.651,0.004
135,239.881217835,-53.7236399886,17.243,0.005,1.338,0.013,INDEF,INDEF,1.717,0.005
136,239.893021833,-53.7642903088,17.244,0.006,1.45,0.016,INDEF,INDEF,2.034,0.007
137,239.892144069,-53.7213622624,17.266,0.008,1.431,0.02,INDEF,INDEF,1.765,0.008
138,239.847617318,-53.7576207579,17.27,0.004,1.539,0.016,INDEF,INDEF,1.996,0.004
139,239.939171947,-53.7251634624,17.289,0.004,1.54,0.016,INDEF,INDEF,1.966,0.005
140,239.833812915,-53.7719949085,17.304,0.004,1.288,0.013,INDEF,INDEF,1.729,0.005
141,239.901287776,-53.7542698185,17.304,0.008,1.625,0.02,INDEF,INDEF,1.952,0.011
142,239.874524189,-53.7827708188,17.329,0.005,1.351,0.014,INDEF,INDEF,1.753,0.005
143,239.922861405,-53.7318872903,17.338,0.005,1.351,0.015,INDEF,INDEF,1.798,0.005
144,239.89324405,-53.7848285865,17.343,0.005,1.417,0.015,INDEF,INDEF,1.808,0.006
145,239.946552667,-53.7484993198,17.346,0.005,1.465,0.015,INDEF,INDEF,1.896,0.006
146,239.856094203,-53.7493688078,17.369,0.005,1.32,0.014,INDEF,INDEF,1.755,0.005
147,239.835952556,-53.7762597074,17.394,0.005,1.436,0.016,INDEF,INDEF,1.783,0.005
148,239.86624647,-53.7234442696,17.428,0.006,1.415,0.018,INDEF,INDEF,1.638,0.007
149,239.968542592,-53.7354868353,17.476,0.005,1.287,0.015,INDEF,INDEF,1.683,0.005
150,239.85501749,-53.7271392644,17.49,0.006,1.385,0.016,INDEF,INDEF,1.773,0.006
151,239.959370842,-53.7809729393,17.498,0.005,1.469,0.018,INDEF,INDEF,1.947,0.005
152,239.930653825,-53.8015191581,17.511,0.006,2.179,0.035,INDEF,INDEF,2.426,0.006
153,239.934154116,-53.785773203,17.518,0.005,1.514,0.02,INDEF,INDEF,1.905,0.006
154,239.906294865,-53.7433145703,17.537,0.007,1.334,0.018,INDEF,INDEF,1.616,0.007
155,239.927122592,-53.7738155346,17.538,0.007,1.259,0.017,0.781,0.095,1.479,0.01
156,239.928127414,-53.7301515998,17.582,0.006,1.453,0.02,INDEF,INDEF,1.896,0.006
157,239.884073278,-53.7705601236,17.582,0.006,1.477,0.019,INDEF,INDEF,1.804,0.006
158,239.918205825,-53.7615446896,17.584,0.007,1.627,0.024,INDEF,INDEF,1.684,0.008
159,239.937701396,-53.7519860712,17.589,0.007,1.222,0.017,INDEF,INDEF,1.644,0.007
160,239.89963554,-53.7691696965,17.593,0.006,1.542,0.022,INDEF,INDEF,1.89,0.007
161,239.848458787,-53.7794436292,17.629,0.006,1.337,0.019,INDEF,INDEF,1.779,0.006
162,239.96837431,-53.760796164,17.633,0.006,1.388,0.019,INDEF,INDEF,1.738,0.006
163,239.913547866,-53.7749584666,17.639,0.007,1.198,0.017,INDEF,INDEF,1.616,0.007
164,239.869313928,-53.7783592352,17.679,0.006,1.657,0.025,INDEF,INDEF,2.697,0.006
165,239.970428289,-53.7598696153,17.689,0.007,1.394,0.02,INDEF,INDEF,1.791,0.008
166,239.868687002,-53.7966664729,17.698,0.008,1.67,0.026,INDEF,INDEF,1.462,0.009
167,239.933469736,-53.7464082517,17.71,0.006,1.295,0.019,INDEF,INDEF,1.62,0.007
168,239.861084326,-53.7397572902,17.727,0.008,1.32,0.02,INDEF,INDEF,1.743,0.01
169,239.963396366,-53.7490944543,17.732,0.008,1.421,0.021,INDEF,INDEF,1.81,0.008
170,239.958888456,-53.7326051637,17.738,0.007,1.34,0.02,INDEF,INDEF,1.784,0.007
171,239.914153215,-53.7429486971,17.748,0.006,1.372,0.021,INDEF,INDEF,1.801,0.008
172,239.893708057,-53.7738622506,17.75,0.006,1.214,0.018,INDEF,INDEF,1.586,0.007
173,239.935088868,-53.7875823603,17.753,0.006,2.091,0.038,INDEF,INDEF,2.761,0.006
174,239.949791882,-53.7650739079,17.761,0.009,1.702,0.028,INDEF,INDEF,2.073,0.009
175,239.878716186,-53.7491078323,17.769,0.007,2.434,0.055,INDEF,INDEF,3.004,0.007
176,239.850038922,-53.729633115,17.775,0.006,1.342,0.02,INDEF,INDEF,1.751,0.007
177,239.900114298,-53.7281257878,17.775,0.007,1.303,0.022,INDEF,INDEF,1.713,0.007
178,239.956270616,-53.7316075558,17.783,0.007,1.349,0.021,INDEF,INDEF,1.783,0.007
179,239.856588579,-53.7522328532,17.791,0.007,1.459,0.023,INDEF,INDEF,1.89,0.007
180,239.909485847,-53.7320402646,17.792,0.007,1.402,0.022,INDEF,INDEF,1.855,0.008
181,239.94377128,-53.7595575542,17.8,0.007,1.43,0.023,INDEF,INDEF,1.829,0.007
182,239.833644442,-53.7395839403,17.806,0.007,1.486,0.023,INDEF,INDEF,1.875,0.007
183,239.844506334,-53.7905991704,17.818,0.009,1.31,0.022,INDEF,INDEF,1.453,0.009
184,239.938485061,-53.7868486313,17.82,0.007,1.593,0.027,INDEF,INDEF,2.092,0.007
185,239.9610069,-53.7381762898,17.826,0.008,1.284,0.02,INDEF,INDEF,1.784,0.008
186,239.869388702,-53.7499481501,17.85,0.008,1.685,0.029,INDEF,INDEF,2.24,0.008
187,239.871434439,-53.7537474435,17.853,0.007,1.377,0.023,INDEF,INDEF,1.795,0.007
188,239.853718623,-53.7403818099,17.857,0.008,1.353,0.023,INDEF,INDEF,1.777,0.008
189,239.869698172,-53.7424783104,17.864,0.008,1.386,0.023,INDEF,INDEF,1.792,0.008
190,239.861336622,-53.7570799581,17.869,0.007,1.283,0.021,INDEF,INDEF,1.576,0.007
191,239.891096578,-53.7669673701,17.936,0.009,1.614,0.031,INDEF,INDEF,2.089,0.009
192,239.926925878,-53.7513426979,17.942,0.008,1.532,0.027,INDEF,INDEF,1.801,0.008
193,239.926660797,-53.7925113675,17.952,0.008,1.644,0.033,INDEF,INDEF,2.023,0.008
194,239.922499895,-53.7338523866,17.966,0.008,1.586,0.029,INDEF,INDEF,2.039,0.008
195,239.954105346,-53.7690300475,17.988,0.008,1.506,0.028,INDEF,INDEF,1.952,0.008
196,239.890639241,-53.7522714704,17.992,0.008,1.36,0.025,INDEF,INDEF,1.948,0.008
197,239.965336916,-53.7316634154,17.994,0.009,1.371,0.026,INDEF,INDEF,1.711,0.009
198,239.881136195,-53.747746023,18.001,0.009,1.322,0.025,INDEF,INDEF,1.448,0.012
199,239.970562309,-53.7414052094,18.022,0.009,1.425,0.028,INDEF,INDEF,1.941,0.009
200,239.963807835,-53.7347636469,18.073,0.01,1.424,0.03,INDEF,INDEF,1.771,0.013
201,239.944853728,-53.7405029253,18.076,0.009,1.404,0.028,INDEF,INDEF,1.864,0.009
202,239.941179,-53.7849973989,18.093,0.01,1.525,0.031,INDEF,INDEF,2.017,0.01
203,239.86693429,-53.7728320462,18.104,0.009,1.291,0.027,INDEF,INDEF,1.678,0.009
204,239.833957996,-53.7850405753,18.104,0.011,1.371,0.029,INDEF,INDEF,1.618,0.01
205,239.923311102,-53.8021677296,18.105,0.009,2.052,0.052,INDEF,INDEF,2.546,0.009
206,239.876552051,-53.7684571072,18.109,0.009,1.311,0.026,INDEF,INDEF,1.617,0.01
207,239.943409536,-53.7977129508,18.144,0.009,1.54,0.035,INDEF,INDEF,1.979,0.009
208,239.843459745,-53.7551318314,18.145,0.009,1.476,0.032,INDEF,INDEF,INDEF,INDEF
209,239.858002891,-53.7255691104,18.17,0.01,1.479,0.032,INDEF,INDEF,1.679,0.01
210,239.959532696,-53.7668995636,18.178,0.01,1.442,0.032,INDEF,INDEF,1.899,0.01
211,239.959217395,-53.7504609537,18.179,0.01,1.475,0.034,INDEF,INDEF,1.941,0.01
212,239.870752231,-53.7723582779,18.182,0.009,1.394,0.031,INDEF,INDEF,1.736,0.009
213,239.967192916,-53.7702645794,18.188,0.011,1.583,0.036,INDEF,INDEF,1.796,0.011
214,239.947485721,-53.7241012469,18.194,0.009,1.332,0.029,INDEF,INDEF,1.82,0.009
215,239.864454089,-53.7740864713,18.202,0.01,1.516,0.035,INDEF,INDEF,1.887,0.01
216,239.839995643,-53.7481244401,18.224,0.011,1.512,0.034,INDEF,INDEF,1.953,0.011
217,239.859174084,-53.7869082509,18.231,0.01,1.514,0.035,INDEF,INDEF,1.754,0.011
218,239.950701944,-53.7585671632,18.249,0.011,1.139,0.028,INDEF,INDEF,1.615,0.012
219,239.931158816,-53.7505290119,18.263,0.01,1.615,0.039,INDEF,INDEF,1.858,0.01
220,239.954661492,-53.7976171488,18.269,0.01,1.597,0.04,INDEF,INDEF,2.073,0.01
221,239.898338674,-53.736548441,18.275,0.011,1.418,0.032,INDEF,INDEF,1.823,0.011
222,239.954869777,-53.7341281131,18.277,0.011,1.481,0.036,INDEF,INDEF,1.699,0.011
223,239.88421363,-53.7460762517,18.281,0.012,1.443,0.035,INDEF,INDEF,1.811,0.012
224,239.878103527,-53.7298161538,18.284,0.01,1.514,0.038,INDEF,INDEF,1.854,0.01
225,239.886609238,-53.7471893455,18.299,0.012,1.729,0.045,INDEF,INDEF,1.931,0.013
226,239.951666672,-53.7845892272,18.301,0.011,1.549,0.038,INDEF,INDEF,2.026,0.01
227,239.951959969,-53.7404680714,18.305,0.011,1.41,0.034,INDEF,INDEF,1.745,0.011
228,239.872896546,-53.7475912103,18.356,0.012,1.444,0.039,INDEF,INDEF,1.85,0.012
229,239.893961064,-53.7762896285,18.358,0.012,1.452,0.038,INDEF,INDEF,1.783,0.012
230,239.961322487,-53.7673547708,18.369,0.011,1.634,0.045,INDEF,INDEF,2.809,0.011
231,239.950469174,-53.8026242852,18.376,0.011,1.477,0.039,INDEF,INDEF,2.009,0.011
232,239.945923848,-53.7808002095,18.407,0.015,1.638,0.048,INDEF,INDEF,2.156,0.016
233,239.925338042,-53.7867577361,18.432,0.011,1.526,0.044,INDEF,INDEF,2.01,0.011
234,239.916607143,-53.7903006266,18.44,0.012,1.361,0.039,INDEF,INDEF,1.808,0.012
235,239.948570657,-53.7434680271,18.478,0.013,1.434,0.041,INDEF,INDEF,1.767,0.013
236,239.949560335,-53.7824449305,18.481,0.012,1.557,0.046,INDEF,INDEF,1.992,0.012
237,239.940461617,-53.7667331414,18.501,0.012,1.501,0.047,INDEF,INDEF,1.867,0.012
238,239.933713932,-53.7445759911,18.502,0.014,1.514,0.046,INDEF,INDEF,1.795,0.014
239,239.91576316,-53.7876984959,18.518,0.013,1.451,0.044,INDEF,INDEF,1.717,0.013
240,239.903939762,-53.7603085409,18.54,0.017,1.97,0.077,INDEF,INDEF,2.218,0.017
241,239.91488962,-53.7896849665,18.57,0.013,1.385,0.043,INDEF,INDEF,1.889,0.014
242,239.865014685,-53.7974100429,18.627,0.015,1.469,0.051,INDEF,INDEF,1.848,0.015
243,239.945546589,-53.7676562677,18.715,0.016,1.556,0.06,INDEF,INDEF,2.052,0.016
244,239.879105959,-53.7972295001,18.726,0.016,1.536,0.056,INDEF,INDEF,1.837,0.016
245,239.890910889,-53.7789344638,18.77,0.018,1.514,0.06,INDEF,INDEF,1.729,0.019
