DR2Name,RAJ2000_2,DEJ2000_2,Jmag,e_Jmag,JK,eJK,Plx,pmRA,pmDE,e_Plx,e_pmRA,e_pmDE,MP,sel
Gaia DR2 3026532989566472576,0.006611495504861588,-0.012746500000002214,14.214,0.04,0.9240000000000013,0.07211102550927978,0.3696,-1.935,2.439,0.0644,0.081,0.103,1.0,1
Gaia DR2 3026538869385931904,0.02312074526782856,-0.002647500000001912,14.367,0.041,0.8340000000000014,0.06014149981501958,0.2263,-1.882,2.434,0.0655,0.084,0.097,1.0,1
Gaia DR2 3026539144263848320,-0.0007689449099026579,0.009517499999997625,14.552,0.04,0.7739999999999991,0.07889233169326408,0.1128,-1.896,2.348,0.0589,0.08,0.089,1.0,1
Gaia DR2 3026532993870685568,0.001522530028452312,-0.011739500000000902,14.589,0.024,1.1129999999999995,0.056364882684167804,0.1244,-1.877,2.323,0.0997,0.129,0.145,1.0,1
Gaia DR2 3026539105599902336,0.021212482505368356,0.014364499999999225,14.91,0.054,1.1140000000000008,0.08605230967266364,0.2042,-1.891,2.652,0.1647,0.21,0.235,1.0,1
Gaia DR2 3026532993870679296,0.011923461259457025,-0.009790500000001146,14.928,0.041,0.8710000000000004,0.07349829930005183,0.3171,-1.745,2.124,0.099,0.132,0.147,1.0,1
Gaia DR2 3026539075533680128,0.003017912898096748,0.007821499999998593,15.333,0.06,1.1910000000000007,0.10080178569846865,-0.4675,-3.185,3.055,0.4267,0.631,0.706,1.0,1
Gaia DR2 3026533195725522816,-0.010455431352144866,-0.001960500000002696,15.532,0.072,1.6430000000000007,0.1046900186264192,0.1725,-2.901,3.397,0.4304,0.592,0.666,1.0,1
Gaia DR2 3026533234388861312,-0.022750033311681604,-0.0027524999999997135,15.553,0.092,1.3900000000000006,0.14263590010933433,0.465,-1.087,3.047,0.1111,0.153,0.163,1.0,1
Gaia DR2 3026539139959641728,-0.004280909030059721,0.011041499999997484,15.641,0.071,0.9960000000000004,0.1360036764208968,0.0557,-1.484,2.52,0.1503,0.207,0.215,1.0,1
Gaia DR2 3026532993860018304,-0.00025596679140575825,-0.011922500000000724,15.672,0.079,2.091000000000001,0.10104454463255302,0.402,-3.305,0.995,0.6194,0.928,0.91,1.0,1
Gaia DR2 3026539139960262528,-0.005598013050639928,0.014707500000000095,15.681,0.078,1.1899999999999995,0.13895682782792645,0.4796,-1.735,2.777,0.225,0.29,0.327,1.0,1
Gaia DR2 3026533268748589184,-0.003115571797888127,0.007877499999999316,15.726,0.083,1.266,0.13700364958642525,-0.0569,-2.081,2.288,0.2846,0.391,0.44,1.0,1
Gaia DR2 3026532989566427904,0.01195497067389972,-0.006588499999999442,15.738,0.094,1.2009999999999987,0.15720050890502868,0.178,-1.567,2.821,0.2459,0.311,0.362,1.0,1
Gaia DR2 3026532989567090560,0.003599694058318634,-0.009904500000001093,15.77,0.068,1.7270000000000003,0.09616652224137047,-0.4858,-1.438,2.647,0.4452,0.562,0.71,1.0,1
Gaia DR2 3026532993860002304,0.009333245139639195,-0.01306549999999973,15.808,0.092,1.795,0.11997082978791136,0.7527,-1.469,1.92,0.349,0.418,0.553,1.0,1
Gaia DR2 3026539071240784128,0.005749294150491533,0.002027500000000515,15.827,0.099,1.3659999999999997,0.1494824404403407,-0.1069,-2.131,2.11,0.3375,0.467,0.576,1.0,1
Gaia DR2 3026533200018436736,-0.0028348792623710943,0.005191499999998683,15.843,0.084,1.6289999999999996,0.116,0.3363,-2.14,1.832,0.3846,0.531,0.593,1.0,1
Gaia DR2 3026538796362874880,0.02521614772402715,-0.008031500000001301,15.892,0.096,1.4159999999999986,0.14153444810363305,0.1915,-1.975,2.831,0.4191,0.544,0.63,1.0,1
Gaia DR2 3026532955208901888,-0.002246795960351401,-0.01371950000000055,16.054,0.097,1.2769999999999992,0.16461470165206996,0.4453,-1.962,1.473,0.4852,0.617,0.684,1.0,1
Gaia DR2 3026532959510951808,-0.0002910161893603515,-0.02806449999999927,13.128,0.023,0.6470000000000002,0.03252691193458118,0.4569,-1.713,2.349,0.072,0.095,0.109,0.999,1
Gaia DR2 3026539075544369152,0.008620000008263426,-0.0009215000000004636,14.238,0.029,0.536999999999999,0.061294371682887816,0.1553,-1.879,2.42,0.0549,0.069,0.088,0.999,1
Gaia DR2 3026532890791468928,0.012266502247893067,-0.02504350000000244,14.639,0.035,0.4629999999999992,0.0791580697086532,0.113,-1.857,2.395,0.069,0.085,0.098,0.999,1
Gaia DR2 3026533264445001088,-0.00437373642348873,0.007463500000000067,15.523,0.093,1.8580000000000005,0.11884864324004712,0.8096,-1.812,2.133,0.2195,0.286,0.313,0.999,1
Gaia DR2 3026533230084602880,-0.014436563713459178,-0.0002744999999997333,16.064,0.091,1.6370000000000005,0.13227622613304327,0.4673,-2.342,2.482,0.4761,0.626,0.671,0.999,1
Gaia DR2 3026538869385934080,0.016113099557464643,0.003044499999997896,13.897,0.032,0.838000000000001,0.050447993022517755,0.1997,-1.871,2.199,0.0488,0.063,0.074,0.998,1
Gaia DR2 3026539075544362496,0.014261233140437578,0.011877500000000651,12.386,0.027,0.43099999999999916,0.03420526275297414,0.2553,-1.82,2.144,0.0217,0.027,0.032,0.995,1
Gaia DR2 3026539144263846912,-0.0017873237983143879,0.016410499999999217,12.724,0.029,0.6950000000000003,0.042449970553582246,0.2286,-1.794,2.402,0.0273,0.037,0.04,0.994,1
Gaia DR2 3026533165669380608,-0.005320355120289253,-0.010704499999999229,13.659,0.028,0.6850000000000005,0.044045431091090485,0.1815,-2.125,2.341,0.0415,0.053,0.059,0.994,1
Gaia DR2 3026532993870680960,0.007176701784293968,-0.008321500000000981,10.511,0.035,0.6529999999999987,0.04545327270945405,0.0853,-2.29,2.381,0.0308,0.042,0.045,0.992,1
Gaia DR2 3026538869375220224,0.02474268232656703,-0.0041805000000003645,15.072,0.058,2.186,0.06879680225126747,0.3603,-1.917,2.948,0.2589,0.341,0.419,0.986,1
Gaia DR2 3026538865082353792,0.018497259815102387,-2.1500000002561137e-05,15.3,0.056,1.391,0.07849203781276162,-1.0848,1.894,2.785,0.391,0.519,0.613,0.967,1
Gaia DR2 3026538796362875136,0.02673035686253995,-0.006891500000001827,13.609,0.031,2.497,0.03920459156782532,0.9021,-0.632,1.303,0.3114,0.429,0.489,1.0,0
Gaia DR2 3026532989567092480,0.009171468059935996,-0.006845500000000726,14.843,0.071,1.282,0.10040916292848974,-0.0655,-1.999,2.85,0.1843,0.236,0.3,1.0,0
Gaia DR2 3026538865082351360,0.018289494528582077,-0.010118500000000807,14.995,0.043,0.5759999999999987,0.10155294185792944,0.2385,-1.959,2.505,0.0895,0.111,0.126,1.0,0
Gaia DR2 3026539144263850624,-0.0074260682006037255,0.014194499999998555,15.079,0.077,0.7599999999999998,0.12621014222319854,0.2404,-1.869,2.138,0.0856,0.116,0.127,1.0,0
Gaia DR2 3026532959510950784,0.0026456980426774086,-0.027410500000002003,15.091,0.044,0.9199999999999999,0.09217917335276987,0.066,-2.036,2.199,0.0988,0.119,0.132,1.0,0
Gaia DR2 3026533268748594432,-0.012388245523697583,0.006675500000000056,15.187,0.071,0.7199999999999989,0.12509996003196802,0.1174,-1.87,2.376,0.1005,0.136,0.147,1.0,0
Gaia DR2 3026539174320001408,0.0014460771200270812,0.028118499999997937,15.754,0.076,0.9859999999999989,0.15842032697857938,0.2918,-1.589,2.163,0.2343,0.314,0.331,1.0,0
Gaia DR2 3026532959510948864,0.004554980674624886,-0.02241950000000159,14.143,0.036,1.6530000000000005,0.046861498055439925,0.2392,-1.912,2.171,0.0812,0.103,0.117,0.998,0
Gaia DR2 3026544985419382784,-0.02626569501777382,0.0046864999999982615,15.333,0.053,0.5619999999999994,0.14782760229402356,0.3068,-1.833,3.08,0.0962,0.129,0.142,0.998,0
Gaia DR2 3026533200029114880,-0.003631205252156816,0.0007245000000004609,10.678,0.029,0.6190000000000015,0.04172529209005013,0.3938,-1.907,2.402,0.0308,0.042,0.044,0.996,0
Gaia DR2 3026539109904099584,0.016799367338256196,0.011035499999998422,15.242,0.063,0.7510000000000012,0.11988744721612851,0.6372,-2.857,2.252,0.0854,0.104,0.116,0.993,0
Gaia DR2 3026533195724902400,-0.0014372261520815108,-0.009544500000000511,15.066,0.076,0.7110000000000003,0.1208801058900926,0.6284,-0.975,0.939,0.0667,0.086,0.1,0.992,0
Gaia DR2 3026538869385935488,0.01920748416664525,-0.00752650000000088,14.383,0.038,0.38099999999999845,0.07443117626371358,0.543,-1.889,0.991,0.0445,0.055,0.063,0.989,0
Gaia DR2 3026533200029111552,0.004323205477796325,-0.0035975000000014745,13.058,0.024,0.39400000000000013,0.03920459156782532,-0.0117,0.461,0.594,0.2137,0.292,0.319,0.986,0
Gaia DR2 3026533234388859264,-0.017272241520961556,-0.000856500000001148,13.284,0.029,0.4720000000000013,0.047801673610868484,1.3661,-2.334,2.617,0.0244,0.033,0.035,0.984,0
Gaia DR2 3026538869385936768,0.015266631396454615,-0.0054095000000025095,13.654,0.032,0.4949999999999992,0.04318564576337837,0.7609,-3.135,1.835,0.043,0.054,0.06,0.982,0
Gaia DR2 3026533264445001216,-0.006169603003228589,0.010320499999998844,15.326,0.08,1.971,0.10965856099730655,0.3969,-1.721,2.63,0.2827,0.412,0.45,0.979,0
Gaia DR2 3026539109904098560,0.014636299611292982,0.018236500000000433,12.414,0.027,0.347999999999999,0.0354682957019364,0.4893,-3.308,3.186,0.0579,0.079,0.092,0.972,0
Gaia DR2 3026538869385930368,0.021727113707440848,0.005130499999999927,15.087,0.041,0.8469999999999995,0.08811923740024082,0.5279,-1.205,5.017,0.0807,0.103,0.118,0.969,0
Gaia DR2 3026533165669381504,-0.007305337340731281,-0.015298500000000104,15.406,0.098,1.684000000000001,0.12587692401707312,-0.354,0.036,-2.678,0.3917,0.542,0.611,0.957,0
Gaia DR2 3026545019779115648,-0.01929126858383769,0.0208244999999998,15.459,0.062,0.738999999999999,0.13595955280891445,0.2522,0.073,4.178,0.0966,0.131,0.144,0.949,0
Gaia DR2 3026533234388859520,-0.02067937692639174,0.004598500000000172,14.924,0.046,0.5559999999999992,0.09315041599477697,0.5156,-3.37,-0.395,0.0627,0.085,0.097,0.947,0
Gaia DR2 3026539144263841152,0.0065425797499369855,0.0195805,13.424,0.023,0.35599999999999987,0.0354682957019364,0.624,-0.601,-0.067,0.0267,0.036,0.042,0.94,0
Gaia DR2 3026533200029114112,-0.0011860513888363295,-0.001567500000000166,12.383,0.026,0.3819999999999997,0.03894868418830089,0.9398,-0.526,4.43,0.019,0.025,0.027,0.924,0
Gaia DR2 3026545019779117696,-0.018580961463997982,0.01117749999999873,13.9,0.029,0.4850000000000012,0.048600411520891465,0.4283,-5.487,3.114,0.0389,0.052,0.059,0.919,0
Gaia DR2 3026533195727070080,-0.0028100896483543277,-0.003227500000001271,15.465,0.076,1.520999999999999,0.10607544484940894,4.017,-2.132,6.128,0.5768,0.76,0.846,0.898,0
Gaia DR2 3026539075544365312,0.013482179832413807,0.004066500000000417,12.626,0.027,0.3609999999999989,0.03818376618407356,1.0152,0.305,-2.57,0.0192,0.025,0.028,0.883,0
Gaia DR2 3026538869385935232,0.018445549041529417,-0.004779500000001491,12.884,0.03,0.3760000000000012,0.046861498055439925,0.9116,-3.21,6.147,0.0214,0.026,0.029,0.879,0
Gaia DR2 3026532989566419712,0.009603331869381197,-0.014818500000000512,15.77,0.079,0.8010000000000002,0.1748628033630938,0.5706,3.107,-1.723,0.1436,0.172,0.216,0.823,0
Gaia DR2 3026545019779116672,-0.019577295414017797,0.017927499999998986,14.647,0.032,0.47000000000000064,0.07515317691222374,0.8698,3.685,-8.173,0.0474,0.062,0.067,0.776,0
Gaia DR2 3026533195725523712,-0.0018004444823030857,0.0018044999999986544,14.222,0.071,0.7319999999999993,0.10771258050942796,1.489,-5.597,19.146,0.0439,0.065,0.07,0.762,0
Gaia DR2 3026539109904100992,0.010183568102583978,0.017909499999998246,15.04,0.048,0.5749999999999993,0.11727318534089538,5.4426,-7.134,4.243,0.6202,0.826,0.889,0.727,0
Gaia DR2 3026539178623574272,0.013863967974668791,0.023729499999998183,8.922,0.032,0.9650000000000007,0.038275318418009276,0.547,-1.613,2.348,0.0317,0.042,0.049,0.995,0
Gaia DR2 3026532989567090176,0.004392115131469315,-0.015241500000001906,15.931,nan,1.4989999999999988,nan,-0.0078,-1.795,1.992,0.3823,0.497,0.581,1.0,-1
Gaia DR2 3026533264446544896,-0.007948012132462767,0.0034904999999980646,15.265,nan,1.4090000000000007,nan,1.2166,-0.598,2.563,0.6839,0.882,0.949,0.98,-1
Gaia DR2 3026533264446545280,-0.007442129237994699,0.012865500000000196,15.154,nan,1.3439999999999994,nan,0.0273,-3.052,2.929,0.8851,1.094,1.24,0.98,-1
Gaia DR2 3026533195727069440,-0.004564097000051881,-0.0005515000000002601,12.844,nan,-0.5860000000000003,nan,0.6883,-1.743,2.868,0.2526,0.335,0.383,1.0,-1
Gaia DR2 3026533195727070720,-0.000848500409107153,-0.008321500000000981,14.41,nan,0.2759999999999998,nan,1.634,-2.794,3.305,0.8811,0.993,1.117,0.94,-1
Gaia DR2 3026533200018425600,0.004577378837712625,-0.0002305000000006885,15.812,nan,1.1369999999999987,nan,0.9216,1.432,2.261,0.3183,0.411,0.461,0.92,-1
Gaia DR2 3026533268748593280,-0.008837325760115724,0.0032154999999995937,15.422,nan,1.564,nan,1.1273,-1.035,-0.402,0.7468,0.971,1.054,0.99,-1
Gaia DR2 3026533200018440832,-0.0029836454978813,0.00011650000000074101,11.074,nan,-0.9640000000000004,nan,nan,nan,nan,nan,nan,nan,0.49,-1
Gaia DR2 3026533268748591232,-0.007063626758749009,0.008375499999999647,14.885,0.094,1.6400000000000006,nan,0.8447,-11.469,11.891,0.0526,0.074,0.081,0.75,-1
Gaia DR2 3026533200029115392,5.214251622616806e-05,-0.008213500000000096,14.299,nan,0.2419999999999991,nan,0.3797,-1.596,2.032,0.046,0.058,0.065,1.0,-1
Gaia DR2 3026539075541110400,0.008471334936858092,0.0027985000000008142,16.773,nan,1.8810000000000002,nan,nan,nan,nan,nan,nan,nan,0.55,-1
