#id,ALFA(gaia),DELTA(gaia),V,ERROR,B-V,ERROR,U-B,ERROR,V-I,ERROR
1,166.444900853,-62.5231085721,10.524,0.001,1.908,0.001,2.353,0.003,2.177,0.002
2,166.337716741,-62.4635704637,12.168,0.001,2.149,0.001,2.67,0.006,2.565,0.001
3,166.448152037,-62.4779046278,12.769,0.001,0.721,0.001,0.429,0.002,0.988,0.001
4,166.365194412,-62.5096332103,12.77,0.001,0.673,0.001,-0.169,0.002,0.952,0.001
5,166.358972229,-62.4891545329,12.947,0.001,1.529,0.001,1.535,0.004,1.656,0.001
6,166.344192929,-62.4488157346,13.522,0.001,0.617,0.001,0.258,0.002,0.79,0.001
7,166.313754648,-62.4848613482,13.533,0.001,0.554,0.001,0.289,0.002,0.739,0.001
8,166.456644053,-62.517286896,13.771,0.001,0.765,0.001,0.219,0.002,1.005,0.001
9,166.402408447,-62.5194437694,14.161,0.001,1.4,0.001,1.06,0.006,1.628,0.001
10,166.415990547,-62.5148549807,14.293,0.001,0.469,0.001,0.123,0.002,0.663,0.001
11,166.472201312,-62.4851685304,14.433,0.001,0.929,0.001,0.277,0.003,1.237,0.002
12,166.464089489,-62.494321863,14.56,0.001,0.969,0.001,0.367,0.004,1.269,0.002
13,166.405384995,-62.485316833,14.661,0.001,1.309,0.002,0.133,0.004,1.876,0.002
14,166.47443825,-62.4989622451,14.662,0.001,0.627,0.001,0.367,0.003,0.846,0.002
15,166.411367851,-62.4775817322,14.912,0.001,1.311,0.002,0.195,0.005,1.862,0.002
16,166.336001935,-62.5195288317,14.986,0.001,0.766,0.001,0.403,0.004,1.018,0.002
17,166.309544711,-62.4858742932,15.261,0.001,1.109,0.002,0.737,0.008,1.532,0.002
18,166.43788118,-62.4562195827,15.324,0.001,0.863,0.002,0.342,0.005,1.164,0.002
19,166.384915646,-62.4873505243,15.348,0.001,0.901,0.002,0.067,0.005,1.254,0.002
20,166.433720531,-62.5143705139,15.367,0.001,1.069,0.002,0.506,0.007,1.305,0.002
21,166.434795413,-62.4759201051,15.491,0.002,0.779,0.002,0.461,0.006,1.025,0.002
22,166.321449328,-62.5148844312,15.517,0.002,0.696,0.006,INDEF,INDEF,1.234,0.002
23,166.330466792,-62.4520540253,15.616,0.002,1.974,0.003,1.584,0.032,2.403,0.002
24,166.43599829,-62.5147128443,15.654,0.002,1.421,0.003,1.142,0.018,1.702,0.002
25,166.411991664,-62.5046520256,15.662,0.002,1.484,0.003,1.01,0.025,1.927,0.002
26,166.350987358,-62.496697556,15.751,0.002,0.95,0.002,0.315,0.008,1.199,0.002
27,166.469169128,-62.4958359587,15.764,0.002,0.883,0.002,0.346,0.008,1.163,0.002
28,166.458642842,-62.4679507035,15.806,0.002,1.008,0.002,0.339,0.008,1.343,0.002
29,166.383631494,-62.4791843368,15.828,0.002,1.276,0.003,0.126,0.009,1.846,0.002
30,166.415277672,-62.4824461059,15.912,0.002,1.345,0.003,0.26,0.011,1.934,0.002
31,166.397904989,-62.4746710092,15.935,0.003,1.036,0.004,0.405,0.01,1.365,0.007
32,166.463286568,-62.501764298,15.983,0.002,1.022,0.003,0.282,0.009,1.351,0.002
33,166.354535493,-62.4962589461,16.026,0.002,0.931,0.003,0.268,0.009,1.214,0.002
34,166.46861145,-62.4937046538,16.15,0.002,1.258,0.003,0.746,0.026,1.545,0.002
35,166.345692815,-62.5003125733,16.276,0.002,0.818,0.003,0.33,0.01,1.083,0.003
36,166.390520796,-62.4743196497,16.292,0.002,0.837,0.003,0.405,0.011,1.19,0.003
37,166.367051985,-62.4531238865,16.359,0.002,1.003,0.003,0.365,0.013,1.331,0.003
38,166.376564605,-62.5251914776,16.438,0.002,0.83,0.003,0.567,0.014,1.151,0.003
39,166.3185316,-62.4461554928,16.465,0.006,0.953,0.006,INDEF,INDEF,INDEF,0
40,166.370729812,-62.4739421638,16.47,0.002,1.027,0.003,0.403,0.021,1.317,0.003
41,166.322266454,-62.5093600624,16.483,0.003,2.472,0.008,INDEF,INDEF,3.006,0.003
42,166.34625076,-62.4825878549,16.485,0.002,1.882,0.005,INDEF,INDEF,2.373,0.002
43,166.343968522,-62.5134018964,16.529,0.002,0.923,0.003,0.272,0.012,1.189,0.003
44,166.391247659,-62.5137453035,16.594,0.003,1.13,0.004,0.55,0.019,1.39,0.003
45,166.464322992,-62.4783253001,16.609,0.003,1.051,0.004,0.312,0.024,1.378,0.003
46,166.370383184,-62.4609436603,16.631,0.003,0.961,0.004,0.489,0.025,1.386,0.003
47,166.478178249,-62.5183373646,16.698,0.003,0.874,0.004,0.251,0.014,1.161,0.004
48,166.384858465,-62.4763151585,16.75,0.003,1.258,0.004,0.174,0.018,1.919,0.003
49,166.451948929,-62.5111146707,16.764,0.003,1.158,0.004,0.766,0.039,1.398,0.003
50,166.398494265,-62.4795087249,16.773,0.003,1.274,0.004,0.385,0.035,1.821,0.003
51,166.380965077,-62.5212447405,16.796,0.003,1.077,0.005,0.522,0.034,1.365,0.006
52,166.34526619,-62.4879132439,16.816,0.003,1.197,0.004,0.735,0.041,1.429,0.003
53,166.351372621,-62.5240649641,16.833,0.003,1.814,0.006,INDEF,INDEF,2.176,0.003
54,166.349728018,-62.5211508615,16.833,0.003,0.918,0.004,0.602,0.031,1.241,0.003
55,166.390542956,-62.5196990181,16.848,0.003,1.99,0.007,INDEF,INDEF,2.377,0.003
56,166.311490172,-62.4608190285,16.887,0.003,1.078,0.004,INDEF,INDEF,1.438,0.003
57,166.381056529,-62.4796655941,16.893,0.003,1.123,0.004,0.441,0.037,1.443,0.003
58,166.343509303,-62.5012655563,16.936,0.003,1.254,0.005,0.869,0.044,1.451,0.003
59,166.39958962,-62.4838012213,16.977,0.003,1.285,0.005,0.252,0.024,1.856,0.003
60,166.360563588,-62.5057525736,16.982,0.003,1.146,0.004,0.636,0.047,1.371,0.003
61,166.463260849,-62.4796251725,16.986,0.003,1.044,0.005,0.488,0.031,1.431,0.004
62,166.390855623,-62.4939115887,17.008,0.003,1.008,0.005,INDEF,INDEF,1.27,0.004
63,166.423749997,-62.5174584206,17.064,0.003,1.318,0.005,INDEF,INDEF,1.556,0.004
64,166.478533785,-62.4621797547,17.065,0.003,1.205,0.005,INDEF,INDEF,1.71,0.004
65,166.418849975,-62.5014231862,17.069,0.003,1.252,0.005,INDEF,INDEF,1.481,0.004
66,166.310878758,-62.5162655584,17.105,0.047,1.198,0.045,0.648,0.043,INDEF,0
67,166.386350723,-62.5254326291,17.129,0.003,1.073,0.005,0.436,0.026,1.306,0.004
68,166.38455611,-62.5234776163,17.181,0.003,0.973,0.005,0.548,0.026,1.396,0.004
69,166.34157869,-62.4762943843,17.201,0.003,1.018,0.005,0.594,0.045,1.52,0.004
70,166.338419574,-62.5118661139,17.204,0.003,1.073,0.005,INDEF,INDEF,1.36,0.004
71,166.396690832,-62.5107371718,17.21,0.003,1.224,0.006,INDEF,INDEF,1.61,0.004
72,166.459671809,-62.4758962835,17.222,0.004,1.201,0.006,0.659,0.06,1.52,0.004
73,166.424303563,-62.5141390094,17.238,0.003,1.32,0.006,1.134,0.072,1.546,0.004
74,166.319578077,-62.4867443237,17.246,0.004,1.075,0.005,0.572,0.044,1.495,0.004
75,166.400954877,-62.4654299145,17.264,0.004,1.072,0.006,0.362,0.027,1.411,0.004
76,166.381734944,-62.4752913648,17.294,0.004,1.152,0.006,0.564,0.035,1.462,0.004
77,166.43715407,-62.4503661438,17.295,0.003,1.058,0.005,INDEF,INDEF,1.363,0.004
78,166.37998064,-62.4648648136,17.303,0.004,2.192,0.012,INDEF,INDEF,2.66,0.004
79,166.342049028,-62.4968545076,17.345,0.004,1.128,0.006,0.52,0.043,1.506,0.004
80,166.460498896,-62.48631027,17.356,0.004,1.253,0.006,INDEF,INDEF,1.525,0.004
81,166.330148704,-62.5256544959,17.366,0.004,1.582,0.008,INDEF,INDEF,1.962,0.004
82,166.433571922,-62.4723310235,17.385,0.004,1.314,0.007,INDEF,INDEF,1.883,0.004
83,166.333073967,-62.4622876899,17.394,0.007,1.659,0.01,INDEF,INDEF,2.161,0.009
84,166.443028948,-62.4862230205,17.472,0.004,1.528,0.008,INDEF,INDEF,2.042,0.004
85,166.483073889,-62.4761785582,17.487,0.004,1.215,0.007,INDEF,INDEF,1.575,0.005
86,166.454886246,-62.5130022597,17.516,0.004,2.035,0.013,INDEF,INDEF,2.586,0.004
87,166.310878758,-62.5162655584,17.516,0.006,1.278,0.027,INDEF,INDEF,1.494,0.006
88,166.456670235,-62.5045229734,17.544,0.004,1.249,0.008,INDEF,INDEF,1.667,0.005
89,166.310119976,-62.516871753,17.55,0.006,1.343,0.029,INDEF,INDEF,1.785,0.006
90,166.382569033,-62.4676244884,17.56,0.004,1.05,0.007,0.41,0.042,1.442,0.005
91,166.356967525,-62.4819559443,17.573,0.004,0.96,0.006,0.287,0.047,1.289,0.005
92,166.357523139,-62.4864808511,17.615,0.005,1.192,0.008,0.762,0.088,1.464,0.006
93,166.476486319,-62.4628126013,17.623,0.004,1.274,0.008,0.805,0.074,1.807,0.005
94,166.424851879,-62.4857933452,17.728,0.005,1.075,0.008,0.32,0.05,1.36,0.006
95,166.308706021,-62.5203428367,17.784,0.005,1.284,0.009,INDEF,INDEF,1.716,0.006
96,166.360821525,-62.4510729557,17.784,0.005,1.082,0.008,INDEF,INDEF,1.473,0.006
97,166.445997842,-62.5050838732,17.808,0.005,1.086,0.008,INDEF,INDEF,1.507,0.006
98,166.346089102,-62.4699456492,17.884,0.005,1.161,0.009,0.663,0.077,1.74,0.006
99,166.465770608,-62.4650835221,17.945,0.006,1.42,0.012,INDEF,INDEF,1.871,0.006
100,166.412445296,-62.4657702551,17.952,0.006,1.358,0.011,INDEF,INDEF,1.674,0.007
101,166.396803485,-62.4848964487,17.955,0.006,1.234,0.01,INDEF,INDEF,1.948,0.007
102,166.364853608,-62.4594092549,17.988,0.005,1.336,0.01,INDEF,INDEF,1.938,0.006
103,166.36623573,-62.4673361565,17.992,0.007,1.235,0.011,INDEF,INDEF,1.512,0.007
104,166.427248616,-62.4798983808,18.012,0.006,1.961,0.017,INDEF,INDEF,2.432,0.006
105,166.427168738,-62.4651562613,18.042,0.006,1.353,0.011,INDEF,INDEF,1.601,0.007
106,166.470720642,-62.4755091195,18.052,0.006,1.455,0.012,INDEF,INDEF,1.849,0.006
107,166.43839268,-62.4487563884,18.056,0.007,1.553,0.014,INDEF,INDEF,1.89,0.007
108,166.453590222,-62.5152671402,18.056,0.008,1.299,0.012,INDEF,INDEF,1.783,0.008
109,166.415809378,-62.4710679132,18.093,0.006,1.24,0.011,INDEF,INDEF,1.537,0.007
110,166.477937101,-62.5027834452,18.101,0.007,1.16,0.011,INDEF,INDEF,1.594,0.007
111,166.41156604,-62.5071996915,18.106,0.006,1.928,0.018,INDEF,INDEF,2.268,0.006
112,166.423293319,-62.4941486569,18.172,0.007,1.609,0.017,INDEF,INDEF,2.054,0.007
113,166.335255519,-62.461363826,18.219,0.008,1.11,0.012,INDEF,INDEF,1.878,0.011
114,166.364337996,-62.4834405567,18.226,0.007,1.142,0.012,INDEF,INDEF,1.444,0.008
115,166.352265308,-62.5263259094,18.263,0.008,1.333,0.014,INDEF,INDEF,1.766,0.008
116,166.378736561,-62.5182547038,18.272,0.008,1.297,0.014,INDEF,INDEF,1.694,0.008
117,166.3374265,-62.473756516,18.346,0.008,1.25,0.013,INDEF,INDEF,1.87,0.008
118,166.42079947,-62.4858928411,18.349,0.009,1.838,0.021,INDEF,INDEF,2.536,0.009
119,166.316743335,-62.4808850509,18.351,0.008,0.998,0.012,INDEF,INDEF,1.495,0.009
120,166.366422299,-62.4928210201,18.394,0.008,2.31,0.049,INDEF,INDEF,2.893,0.008
121,166.382610215,-62.4718122379,18.396,0.008,1.275,0.015,INDEF,INDEF,1.938,0.009
122,166.393172164,-62.5129192464,18.428,0.008,1.306,0.015,INDEF,INDEF,1.821,0.009
123,166.35493587,-62.5247853171,18.436,0.009,1.096,0.014,INDEF,INDEF,1.581,0.009
124,166.450042454,-62.5146040691,18.444,0.008,1.343,0.016,INDEF,INDEF,1.821,0.009
125,166.397455243,-62.4940311698,18.467,0.01,1.216,0.016,INDEF,INDEF,1.476,0.011
126,166.449946196,-62.4486284151,18.476,0.009,1.227,0.015,INDEF,INDEF,1.51,0.01
127,166.352809813,-62.484754611,18.512,0.014,1.446,0.021,INDEF,INDEF,INDEF,0
128,166.481485195,-62.5193769344,18.515,0.009,1.144,0.015,INDEF,INDEF,1.475,0.01
129,166.454190525,-62.5076707053,18.54,0.009,1.709,0.022,INDEF,INDEF,2.021,0.01
130,166.321318453,-62.4816212726,18.543,0.009,1.23,0.016,INDEF,INDEF,1.734,0.009
131,166.356725989,-62.4795981191,18.548,0.008,1.442,0.018,INDEF,INDEF,1.942,0.009
132,166.449433823,-62.5100069159,18.558,0.009,1.381,0.023,INDEF,INDEF,1.845,0.011
133,166.483364445,-62.4986885077,18.562,0.009,1.347,0.022,INDEF,INDEF,1.676,0.01
134,166.388942522,-62.4590525241,18.566,0.009,1.325,0.017,INDEF,INDEF,1.681,0.009
135,166.442575098,-62.4709714241,18.574,0.009,1.238,0.016,INDEF,INDEF,1.563,0.011
136,166.353205647,-62.454137853,18.593,0.011,1.256,0.017,INDEF,INDEF,1.52,0.012
137,166.352800541,-62.5143353852,18.616,0.009,1.387,0.019,INDEF,INDEF,1.94,0.01
138,166.39048181,-62.4875943412,18.654,0.01,1.328,0.019,INDEF,INDEF,1.808,0.012
139,166.393693998,-62.5166320089,18.7,0.012,1.484,0.022,INDEF,INDEF,1.896,0.012
140,166.339027732,-62.5107185733,18.711,0.012,1.162,0.022,INDEF,INDEF,1.463,0.013
141,166.415465075,-62.5243202447,18.885,0.011,1.433,0.03,INDEF,INDEF,1.832,0.012
142,166.4322162,-62.4839205384,18.892,0.013,1.501,0.038,INDEF,INDEF,1.945,0.014
143,166.328121122,-62.4630283078,18.921,0.012,1.282,0.021,INDEF,INDEF,1.665,0.013
144,166.46224487,-62.4887864738,18.929,0.013,1.307,0.024,INDEF,INDEF,1.623,0.014
145,166.408023192,-62.4999250834,18.931,0.013,1.238,0.022,INDEF,INDEF,1.575,0.014
146,166.3276521,-62.5193168026,18.937,0.012,1.379,0.024,INDEF,INDEF,1.581,0.013
147,166.337378745,-62.5017430539,18.962,0.013,1.289,0.023,INDEF,INDEF,1.468,0.015
148,166.429163072,-62.488962839,18.99,0.012,1.271,0.023,INDEF,INDEF,1.799,0.013
149,166.333450532,-62.4908820416,19.029,0.013,1.388,0.033,INDEF,INDEF,1.662,0.015
150,166.423900272,-62.51154251,19.066,0.016,1.423,0.038,INDEF,INDEF,1.827,0.017
151,166.40304942,-62.5152506541,19.079,0.014,1.582,0.04,INDEF,INDEF,2.04,0.015
152,166.397222016,-62.4531323072,19.127,0.014,1.388,0.034,INDEF,INDEF,1.717,0.015
153,166.470810721,-62.457894791,19.128,0.015,1.445,0.03,INDEF,INDEF,1.958,0.016
154,166.406963574,-62.4799080526,19.143,0.014,1.64,0.053,INDEF,INDEF,2.183,0.015
155,166.352842649,-62.5167979603,19.16,0.014,1.625,0.044,INDEF,INDEF,2.047,0.015
156,166.331277116,-62.4996903981,19.236,0.016,1.291,0.044,INDEF,INDEF,1.862,0.017
157,166.476060923,-62.4731687701,19.308,0.016,1.514,0.038,INDEF,INDEF,1.845,0.018
158,166.341617505,-62.480523684,19.371,0.018,1.555,0.047,INDEF,INDEF,1.911,0.018
159,166.393294319,-62.4503803721,19.416,0.018,1.448,0.048,INDEF,INDEF,1.767,0.02
160,166.421634742,-62.5099190912,19.437,0.021,1.691,0.06,INDEF,INDEF,1.923,0.022
161,166.435307188,-62.4909232206,19.481,0.022,1.489,0.055,INDEF,INDEF,1.841,0.023
162,166.345230519,-62.4788063392,19.691,0.025,1.238,0.051,INDEF,INDEF,1.674,0.027
